ra dec
76.93548387096774 -43.406858485936944
79.83870967741933 -43.40685848593697
82.74193548387098 -43.40685848593698
85.64516129032258 -43.406858485936944
64.50000000000001 -44.9938801504571
67.49999999999997 -44.99388015045707
70.50000000000004 -44.99388015045712
73.50000000000001 -44.9938801504571
76.49999999999999 -44.99388015045707
79.49999999999999 -44.99388015045709
82.50000000000001 -44.9938801504571
85.49999999999997 -44.9938801504571
88.49999999999997 -44.9938801504571
91.50000000000001 -44.99388015045713
94.49999999999999 -44.993880150457116
97.49999999999997 -44.9938801504571
100.50000000000001 -44.9938801504571
57.41379310344827 -46.57184741344955
60.51724137931036 -46.571847413449554
63.62068965517245 -46.57184741344955
66.7241379310345 -46.57184741344953
69.82758620689656 -46.57184741344955
72.9310344827586 -46.571847413449525
76.03448275862068 -46.571847413449554
79.13793103448275 -46.57184741344955
82.24137931034481 -46.571847413449554
85.3448275862069 -46.57184741344951
88.44827586206895 -46.57184741344953
91.55172413793102 -46.571847413449575
94.65517241379308 -46.57184741344952
97.75862068965517 -46.571847413449554
100.86206896551724 -46.57184741344952
103.96551724137929 -46.57184741344954
107.06896551724134 -46.57184741344951
53.035714285714306 -48.141207794360255
56.24999999999999 -48.14120779436026
59.46428571428573 -48.14120779436026
62.678571428571466 -48.14120779436028
65.89285714285715 -48.14120779436025
69.10714285714283 -48.14120779436024
72.32142857142856 -48.14120779436025
75.53571428571428 -48.141207794360255
78.74999999999999 -48.14120779436026
81.96428571428571 -48.14120779436024
85.17857142857142 -48.141207794360255
88.39285714285712 -48.141207794360234
91.60714285714286 -48.141207794360234
94.82142857142854 -48.14120779436021
98.03571428571429 -48.14120779436026
101.24999999999997 -48.14120779436023
104.46428571428571 -48.141207794360234
107.67857142857139 -48.141207794360234
110.89285714285714 -48.141207794360255
48.333333333333336 -49.70239032663066
51.66666666666667 -49.702390326630656
55.00000000000004 -49.702390326630685
58.33333333333331 -49.70239032663065
61.66666666666671 -49.70239032663067
65.0 -49.702390326630635
68.3333333333333 -49.70239032663065
71.66666666666663 -49.702390326630635
75.00000000000003 -49.70239032663067
78.33333333333334 -49.70239032663062
81.66666666666663 -49.70239032663067
84.99999999999999 -49.70239032663062
88.33333333333334 -49.70239032663064
91.66666666666667 -49.70239032663065
95.0 -49.70239032663065
98.33333333333333 -49.70239032663067
101.66666666666666 -49.70239032663066
105.0 -49.70239032663064
108.3333333333333 -49.70239032663061
111.66666666666664 -49.702390326630656
43.269230769230774 -51.25580694880488
46.73076923076926 -51.25580694880488
50.19230769230768 -51.25580694880487
53.65384615384617 -51.25580694880487
57.115384615384635 -51.25580694880488
60.57692307692307 -51.25580694880487
64.03846153846156 -51.25580694880485
67.50000000000001 -51.25580694880488
70.96153846153844 -51.25580694880488
74.42307692307695 -51.25580694880488
77.88461538461539 -51.25580694880485
81.34615384615384 -51.25580694880488
84.80769230769232 -51.25580694880488
88.26923076923077 -51.25580694880487
91.73076923076924 -51.25580694880485
95.19230769230768 -51.255806948804874
98.65384615384616 -51.25580694880488
102.11538461538463 -51.25580694880488
105.57692307692308 -51.25580694880486
109.03846153846152 -51.25580694880483
41.40000000000004 -52.801853781730635
45.00000000000002 -52.801853781730614
48.6 -52.80185378173057
52.200000000000045 -52.801853781730586
55.79999999999999 -52.80185378173058
59.40000000000005 -52.801853781730586
63.000000000000064 -52.80185378173061
66.60000000000004 -52.80185378173057
70.2 -52.801853781730586
73.79999999999998 -52.801853781730586
77.4 -52.801853781730586
80.99999999999999 -52.80185378173057
84.60000000000002 -52.80185378173061
88.2 -52.80185378173057
91.80000000000001 -52.80185378173059
95.39999999999999 -52.80185378173058
99.0 -52.80185378173062
102.60000000000001 -52.80185378173063
106.20000000000002 -52.8018537817306
109.79999999999998 -52.801853781730564
113.39999999999998 -52.8018537817306
117.0 -52.80185378173061
43.12500000000003 -54.34091230386123
46.87500000000002 -54.34091230386123
50.62500000000002 -54.34091230386123
54.37499999999995 -54.340912303861195
58.125 -54.3409123038612
61.87500000000007 -54.34091230386123
65.62499999999999 -54.3409123038612
69.37500000000001 -54.34091230386123
73.12499999999999 -54.3409123038612
76.87499999999999 -54.3409123038612
80.625 -54.34091230386123
84.375 -54.34091230386118
88.12499999999999 -54.34091230386119
91.87500000000001 -54.3409123038612
95.625 -54.34091230386123
99.375 -54.34091230386122
103.12499999999999 -54.34091230386123
106.875 -54.34091230386124
110.62500000000001 -54.34091230386121
114.37499999999996 -54.34091230386121
118.12500000000003 -54.34091230386121
121.875 -54.34091230386124
125.62499999999997 -54.34091230386119
45.00000000000004 -55.873350435252
48.91304347826085 -55.873350435251936
52.82608695652179 -55.873350435251986
56.739130434782666 -55.87335043525197
60.65217391304347 -55.87335043525197
64.5652173913044 -55.873350435251965
68.47826086956525 -55.873350435252
72.39130434782611 -55.87335043525197
76.30434782608697 -55.87335043525196
80.21739130434783 -55.873350435251965
84.1304347826087 -55.87335043525197
88.04347826086959 -55.87335043525199
91.95652173913044 -55.87335043525192
95.86956521739131 -55.873350435251965
99.78260869565219 -55.873350435251986
103.69565217391303 -55.873350435251965
107.60869565217389 -55.873350435251936
111.52173913043477 -55.87335043525196
115.43478260869564 -55.87335043525197
119.34782608695653 -55.87335043525199
123.2608695652174 -55.87335043525195
127.17391304347827 -55.873350435251986
47.04545454545451 -57.399523539622905
51.13636363636368 -57.39952353962293
55.22727272727272 -57.39952353962292
59.31818181818182 -57.399523539622905
63.409090909090914 -57.399523539622905
67.50000000000003 -57.39952353962292
71.59090909090905 -57.39952353962292
75.68181818181824 -57.399523539622884
79.77272727272732 -57.399523539622905
83.86363636363636 -57.399523539622884
87.95454545454545 -57.3995235396229
92.04545454545455 -57.39952353962292
96.13636363636364 -57.39952353962293
100.22727272727275 -57.3995235396229
104.31818181818184 -57.39952353962292
108.40909090909089 -57.399523539622905
112.50000000000001 -57.39952353962292
116.59090909090907 -57.399523539622884
120.68181818181817 -57.399523539622905
124.77272727272727 -57.399523539622905
128.86363636363632 -57.399523539622884
45.00000000000003 -58.91977535280316
49.285714285714356 -58.91977535280318
53.57142857142857 -58.91977535280309
57.85714285714288 -58.91977535280317
62.14285714285724 -58.91977535280313
66.42857142857149 -58.919775352803114
70.71428571428574 -58.91977535280316
74.99999999999999 -58.91977535280314
79.2857142857143 -58.919775352803114
83.57142857142858 -58.919775352803114
87.85714285714288 -58.91977535280313
92.14285714285714 -58.91977535280311
96.42857142857142 -58.919775352803114
100.71428571428572 -58.91977535280316
105.00000000000001 -58.919775352803114
109.28571428571429 -58.91977535280311
113.5714285714286 -58.91977535280316
117.85714285714282 -58.919775352803114
122.1428571428572 -58.91977535280316
126.42857142857137 -58.91977535280308
130.71428571428564 -58.919775352803114
47.250000000000085 -60.43443884495226
51.750000000000014 -60.43443884495229
56.250000000000014 -60.43443884495226
60.750000000000036 -60.434438844952275
65.25000000000001 -60.43443884495225
69.75000000000006 -60.43443884495223
74.24999999999994 -60.43443884495225
78.75000000000003 -60.43443884495226
83.25000000000003 -60.43443884495223
87.75 -60.43443884495225
92.24999999999999 -60.43443884495226
96.74999999999997 -60.43443884495223
101.24999999999999 -60.43443884495223
105.74999999999999 -60.43443884495221
110.25 -60.43443884495226
114.74999999999999 -60.43443884495226
119.24999999999996 -60.434438844952226
123.74999999999993 -60.434438844952226
128.25 -60.434438844952275
132.75 -60.434438844952275
49.73684210526323 -61.94383702315669
54.4736842105263 -61.94383702315669
59.210526315789515 -61.943837023156696
63.94736842105262 -61.94383702315671
68.68421052631578 -61.943837023156696
73.42105263157895 -61.943837023156675
78.15789473684207 -61.94383702315669
82.89473684210527 -61.943837023156696
87.63157894736842 -61.94383702315671
92.36842105263159 -61.94383702315669
97.10526315789471 -61.94383702315669
101.84210526315792 -61.943837023156696
106.57894736842105 -61.943837023156696
111.31578947368423 -61.943837023156725
116.05263157894738 -61.943837023156725
120.7894736842105 -61.943837023156696
125.52631578947366 -61.94383702315671
130.26315789473682 -61.94383702315671
134.99999999999997 -61.94383702315669
52.5 -63.44828368030105
57.500000000000064 -63.44828368030107
62.50000000000003 -63.448283680301046
67.50000000000001 -63.44828368030103
72.5 -63.44828368030105
77.50000000000003 -63.44828368030103
82.50000000000006 -63.44828368030103
87.50000000000003 -63.44828368030107
92.50000000000001 -63.448283680301046
97.49999999999999 -63.44828368030105
102.5 -63.44828368030107
107.50000000000001 -63.44828368030107
112.49999999999999 -63.44828368030105
117.5 -63.44828368030105
122.50000000000004 -63.44828368030105
127.49999999999999 -63.44828368030103
132.49999999999997 -63.44828368030103
137.49999999999991 -63.44828368030103
55.58823529411767 -64.94808409550689
60.882352941176464 -64.94808409550687
66.17647058823539 -64.94808409550689
71.47058823529413 -64.94808409550687
76.76470588235298 -64.94808409550687
82.05882352941175 -64.94808409550689
87.3529411764706 -64.94808409550689
92.64705882352942 -64.94808409550687
97.94117647058822 -64.94808409550686
103.23529411764704 -64.94808409550684
108.5294117647059 -64.94808409550689
113.8235294117647 -64.94808409550689
119.11764705882347 -64.94808409550687
124.4117647058823 -64.94808409550689
129.70588235294116 -64.94808409550689
134.99999999999991 -64.94808409550687
140.29411764705875 -64.94808409550689
145.58823529411765 -64.94808409550689
59.06249999999998 -66.44353569089876
64.6875 -66.44353569089876
70.31249999999997 -66.44353569089873
75.93750000000004 -66.44353569089877
87.1875 -66.44353569089877
92.81250000000001 -66.44353569089876
98.43750000000001 -66.44353569089873
104.0625 -66.44353569089877
109.68750000000001 -66.44353569089877
115.31249999999997 -66.44353569089876
120.93749999999997 -66.44353569089877
126.56249999999997 -66.4435356908988
132.18749999999994 -66.44353569089876
137.81249999999997 -66.44353569089877
143.43749999999994 -66.44353569089877
149.06249999999991 -66.44353569089876
63.00000000000003 -67.9349286489914
69.00000000000004 -67.9349286489914
93.00000000000003 -67.93492864899137
99.00000000000001 -67.9349286489914
105.0 -67.93492864899139
110.99999999999999 -67.9349286489914
117.00000000000003 -67.9349286489914
122.99999999999996 -67.93492864899137
129.00000000000003 -67.9349286489914
135.0 -67.9349286489914
140.99999999999997 -67.9349286489914
147.00000000000003 -67.93492864899142
152.99999999999994 -67.93492864899139
67.49999999999997 -69.42254649458222
93.21428571428571 -69.42254649458219
99.64285714285712 -69.4225464945822
106.07142857142854 -69.42254649458218
112.50000000000001 -69.42254649458222
118.9285714285714 -69.42254649458219
125.3571428571428 -69.4225464945822
131.78571428571425 -69.4225464945822
138.21428571428564 -69.4225464945822
144.64285714285722 -69.42254649458225
151.07142857142853 -69.4225464945822
157.49999999999997 -69.42254649458224
65.76923076923076 -70.90666664467565
93.46153846153845 -70.90666664467562
100.38461538461539 -70.90666664467561
107.30769230769226 -70.90666664467564
114.23076923076918 -70.90666664467562
121.15384615384615 -70.90666664467564
128.0769230769231 -70.90666664467562
134.99999999999991 -70.90666664467564
141.9230769230769 -70.90666664467564
148.84615384615378 -70.90666664467564
155.76923076923066 -70.90666664467562
71.24999999999997 -72.38756092964962
93.74999999999999 -72.38756092964962
101.24999999999997 -72.38756092964958
108.74999999999996 -72.38756092964958
116.25 -72.38756092964962
123.74999999999993 -72.38756092964961
131.24999999999991 -72.38756092964961
138.74999999999994 -72.38756092964962
146.24999999999994 -72.38756092964962
85.90909090909095 -73.86549608859849
94.0909090909091 -73.86549608859848
102.27272727272727 -73.86549608859849
110.45454545454545 -73.86549608859848
118.6363636363636 -73.8654960885985
126.81818181818183 -73.86549608859849
134.99999999999994 -73.86549608859848
143.18181818181813 -73.86549608859848
94.5 -75.34073424154307
103.5 -75.34073424154306
112.50000000000001 -75.34073424154306
121.49999999999997 -75.34073424154305
130.49999999999991 -75.34073424154306
