ra dec
35.625000000000036 -54.340912303861195
39.37500000000006 -54.34091230386123
33.26086956521741 -55.87335043525195
37.17391304347826 -55.87335043525198
41.08695652173917 -55.87335043525199
2.0454545454545325 -57.39952353962292
6.136363636363671 -57.39952353962295
10.22727272727275 -57.39952353962292
14.318181818181822 -57.39952353962295
18.409090909090924 -57.399523539622884
22.499999999999986 -57.39952353962293
26.590909090909093 -57.399523539622905
30.68181818181816 -57.399523539622884
34.772727272727316 -57.399523539622905
38.863636363636374 -57.39952353962292
42.95454545454549 -57.39952353962293
357.95454545454544 -57.39952353962293
2.142857142857206 -58.91977535280319
6.4285714285715105 -58.91977535280316
10.714285714285753 -58.91977535280313
15.000000000000037 -58.91977535280314
19.285714285714285 -58.91977535280314
23.57142857142859 -58.91977535280316
27.857142857142858 -58.91977535280311
32.1428571428572 -58.91977535280316
36.42857142857145 -58.91977535280311
40.71428571428576 -58.91977535280313
349.2857142857143 -58.91977535280313
353.5714285714285 -58.919775352803114
357.8571428571429 -58.91977535280318
2.2500000000000373 -60.4344388449523
6.750000000000035 -60.43443884495226
11.250000000000012 -60.434438844952275
15.750000000000096 -60.43443884495229
20.249999999999996 -60.43443884495226
24.749999999999986 -60.43443884495225
29.25000000000009 -60.43443884495229
33.75000000000006 -60.43443884495226
38.249999999999986 -60.43443884495225
42.750000000000036 -60.43443884495229
344.24999999999994 -60.4344388449523
348.74999999999994 -60.434438844952275
353.25 -60.43443884495231
357.7499999999999 -60.43443884495229
2.3684210526316094 -61.94383702315671
7.105263157894773 -61.943837023156725
11.84210526315794 -61.943837023156725
16.57894736842112 -61.943837023156725
21.315789473684237 -61.943837023156696
26.052631578947434 -61.943837023156725
30.78947368421053 -61.94383702315674
35.5263157894737 -61.943837023156725
40.26315789473686 -61.94383702315671
45.00000000000002 -61.943837023156696
343.4210526315789 -61.94383702315674
348.1578947368421 -61.94383702315671
352.89473684210526 -61.943837023156696
357.6315789473685 -61.94383702315674
2.5000000000000657 -63.44828368030105
7.500000000000029 -63.44828368030105
12.5 -63.44828368030107
17.50000000000001 -63.44828368030103
22.500000000000036 -63.44828368030105
27.50000000000002 -63.448283680301095
32.49999999999998 -63.44828368030105
37.50000000000002 -63.448283680301046
42.500000000000064 -63.448283680301046
47.50000000000001 -63.44828368030103
337.5 -63.44828368030105
342.5 -63.448283680301046
347.49999999999994 -63.44828368030105
352.49999999999994 -63.44828368030107
357.50000000000006 -63.448283680301095
2.647058823529474 -64.94808409550689
7.941176470588252 -64.94808409550689
13.235294117647056 -64.94808409550689
18.529411764705976 -64.9480840955069
23.823529411764785 -64.94808409550691
29.117647058823486 -64.94808409550689
34.41176470588235 -64.94808409550689
39.70588235294124 -64.94808409550691
45.00000000000001 -64.94808409550687
50.29411764705879 -64.94808409550689
336.1764705882353 -64.94808409550689
341.47058823529414 -64.94808409550689
346.7647058823529 -64.94808409550691
352.0588235294117 -64.94808409550691
357.3529411764706 -64.94808409550689
2.81250000000005 -66.4435356908988
8.437500000000139 -66.44353569089883
14.062499999999991 -66.4435356908988
19.68750000000006 -66.44353569089876
25.31250000000016 -66.4435356908988
30.9375000000001 -66.4435356908988
36.562500000000085 -66.44353569089877
42.187499999999986 -66.44353569089876
47.81250000000003 -66.44353569089876
53.4375 -66.44353569089877
329.0625 -66.44353569089878
334.68749999999994 -66.44353569089878
340.31250000000006 -66.4435356908988
345.9375 -66.44353569089878
351.5625 -66.44353569089877
357.18750000000006 -66.44353569089883
3.0000000000001266 -67.93492864899142
9.00000000000011 -67.93492864899144
15.000000000000117 -67.93492864899143
21.000000000000043 -67.93492864899143
27.000000000000014 -67.9349286489914
33.00000000000004 -67.93492864899142
39.000000000000114 -67.93492864899142
45.00000000000003 -67.93492864899139
50.999999999999986 -67.9349286489914
57.000000000000014 -67.93492864899137
327.0 -67.93492864899144
333.0 -67.93492864899144
339.0 -67.93492864899143
345.0 -67.93492864899143
351.00000000000006 -67.93492864899144
356.99999999999994 -67.93492864899144
3.2142857142857673 -69.42254649458224
9.642857142857306 -69.42254649458225
16.071428571428598 -69.42254649458224
22.500000000000014 -69.4225464945822
28.928571428571594 -69.42254649458224
35.357142857142875 -69.42254649458225
41.78571428571428 -69.4225464945822
48.21428571428575 -69.42254649458224
54.64285714285722 -69.42254649458224
61.0714285714286 -69.42254649458224
324.6428571428571 -69.42254649458228
331.0714285714286 -69.42254649458229
337.5 -69.42254649458225
343.92857142857144 -69.42254649458228
350.3571428571428 -69.42254649458224
356.7857142857144 -69.42254649458225
3.461538461538457 -70.90666664467565
10.38461538461541 -70.90666664467567
17.30769230769246 -70.90666664467567
24.230769230769276 -70.90666664467568
31.153846153846146 -70.90666664467562
38.07692307692308 -70.90666664467565
45.00000000000011 -70.90666664467567
51.923076923076884 -70.90666664467562
58.84615384615386 -70.90666664467565
162.6923076923077 -70.90666664467565
321.923076923077 -70.90666664467565
328.8461538461538 -70.90666664467568
335.76923076923083 -70.9066666446757
342.69230769230774 -70.90666664467571
349.61538461538464 -70.90666664467568
356.5384615384616 -70.90666664467568
3.750000000000142 -72.38756092964964
18.750000000000053 -72.38756092964962
26.250000000000036 -72.38756092964961
33.75000000000013 -72.38756092964962
41.249999999999964 -72.38756092964962
48.750000000000085 -72.38756092964962
56.24999999999991 -72.38756092964962
63.75000000000001 -72.38756092964961
153.75000000000003 -72.38756092964962
161.2499999999999 -72.38756092964962
168.7499999999999 -72.38756092964961
318.74999999999994 -72.38756092964962
326.25 -72.38756092964962
333.75000000000006 -72.3875609296496
341.25000000000006 -72.38756092964962
348.7500000000001 -72.38756092964967
356.25 -72.38756092964964
4.090909090909122 -73.86549608859852
20.45454545454559 -73.8654960885985
28.63636363636375 -73.8654960885985
36.81818181818188 -73.8654960885985
45.00000000000007 -73.86549608859848
53.181818181818194 -73.86549608859849
61.36363636363658 -73.86549608859848
69.54545454545458 -73.86549608859848
77.72727272727272 -73.86549608859848
151.3636363636363 -73.86549608859846
159.54545454545448 -73.8654960885985
167.72727272727263 -73.8654960885985
315.0 -73.8654960885985
323.1818181818181 -73.8654960885985
331.36363636363643 -73.86549608859849
339.5454545454545 -73.86549608859848
347.72727272727263 -73.86549608859849
355.90909090909093 -73.8654960885985
4.500000000000027 -75.34073424154305
13.50000000000019 -75.34073424154309
22.500000000000046 -75.3407342415431
31.500000000000018 -75.34073424154306
40.50000000000002 -75.3407342415431
49.50000000000003 -75.34073424154305
58.50000000000005 -75.34073424154309
67.50000000000006 -75.34073424154309
76.5 -75.34073424154305
85.5 -75.34073424154307
139.50000000000003 -75.34073424154305
148.4999999999999 -75.34073424154305
157.49999999999991 -75.34073424154307
166.50000000000003 -75.34073424154307
175.4999999999999 -75.34073424154309
319.5 -75.34073424154309
328.5 -75.34073424154309
337.5000000000001 -75.34073424154307
346.50000000000006 -75.34073424154307
355.50000000000006 -75.34073424154307
5.000000000000221 -76.81353334098658
15.000000000000062 -76.81353334098658
24.999999999999986 -76.81353334098655
34.999999999999915 -76.81353334098657
44.999999999999936 -76.81353334098655
55.000000000000014 -76.81353334098658
65.00000000000003 -76.81353334098655
74.99999999999997 -76.81353334098658
85.0 -76.81353334098658
95.00000000000003 -76.81353334098658
105.00000000000003 -76.81353334098655
114.99999999999997 -76.81353334098658
124.99999999999999 -76.81353334098655
134.99999999999994 -76.81353334098655
145.0 -76.81353334098657
155.00000000000006 -76.81353334098658
165.0 -76.81353334098658
174.9999999999998 -76.81353334098655
184.99999999999977 -76.81353334098657
314.9999999999999 -76.81353334098658
325.00000000000006 -76.81353334098665
335.0 -76.8135333409866
344.99999999999994 -76.81353334098658
355.0000000000002 -76.8135333409866
5.625000000000218 -78.28414760510766
16.875000000000277 -78.28414760510763
28.125000000000096 -78.28414760510763
39.3750000000001 -78.28414760510763
50.6250000000002 -78.28414760510763
61.87500000000011 -78.28414760510762
73.12500000000004 -78.28414760510763
84.37500000000001 -78.28414760510763
95.625 -78.28414760510763
106.875 -78.28414760510759
118.12499999999996 -78.28414760510762
129.37499999999991 -78.28414760510763
140.62500000000006 -78.28414760510765
151.87499999999991 -78.28414760510763
163.125 -78.28414760510765
174.3749999999999 -78.28414760510763
185.625 -78.28414760510765
309.375 -78.28414760510769
320.625 -78.28414760510768
331.875 -78.28414760510763
343.125 -78.28414760510766
354.3750000000003 -78.28414760510766
6.428571428571547 -79.75282793472049
19.28571428571438 -79.75282793472046
32.142857142857096 -79.75282793472046
45.00000000000014 -79.75282793472047
57.85714285714285 -79.75282793472046
70.71428571428586 -79.75282793472046
83.57142857142861 -79.75282793472046
96.42857142857146 -79.75282793472047
109.28571428571428 -79.75282793472047
122.14285714285717 -79.75282793472047
134.99999999999991 -79.75282793472047
147.85714285714275 -79.75282793472046
160.71428571428558 -79.75282793472046
173.57142857142836 -79.75282793472046
186.42857142857136 -79.75282793472047
199.28571428571422 -79.75282793472049
315.0 -79.75282793472046
327.85714285714295 -79.75282793472046
340.7142857142857 -79.75282793472047
353.57142857142884 -79.75282793472053
7.500000000000093 -81.21982231598935
22.500000000000053 -81.21982231598936
37.50000000000017 -81.21982231598932
52.500000000000135 -81.21982231598933
67.50000000000006 -81.21982231598935
82.50000000000004 -81.21982231598933
97.50000000000001 -81.21982231598936
112.5 -81.21982231598935
127.49999999999993 -81.21982231598933
142.49999999999994 -81.21982231598935
157.49999999999963 -81.2198223159893
172.5000000000001 -81.21982231598935
187.4999999999997 -81.21982231598935
202.49999999999986 -81.21982231598935
307.5 -81.21982231598935
322.50000000000006 -81.21982231598942
337.5 -81.21982231598935
352.5000000000002 -81.21982231598938
9.000000000000371 -82.68537621076392
26.999999999999932 -82.68537621076392
44.99999999999991 -82.68537621076393
63.00000000000037 -82.68537621076388
81.00000000000004 -82.6853762107639
99.00000000000004 -82.6853762107639
116.99999999999997 -82.6853762107639
134.99999999999997 -82.6853762107639
153.00000000000003 -82.68537621076392
170.9999999999999 -82.68537621076392
189.00000000000003 -82.68537621076392
206.9999999999997 -82.68537621076393
224.99999999999986 -82.68537621076392
314.99999999999994 -82.68537621076395
333.0000000000003 -82.68537621076398
351.0 -82.6853762107639
11.25000000000065 -84.14973293629669
33.7500000000001 -84.1497329362967
56.250000000000114 -84.14973293629667
78.74999999999982 -84.14973293629667
101.25000000000004 -84.14973293629666
123.74999999999982 -84.14973293629664
146.24999999999977 -84.14973293629666
168.74999999999991 -84.14973293629666
191.24999999999926 -84.14973293629666
213.74999999999991 -84.14973293629666
236.24999999999986 -84.14973293629666
258.7499999999999 -84.14973293629666
281.24999999999994 -84.14973293629666
303.75000000000006 -84.14973293629674
326.2500000000002 -84.1497329362967
348.7500000000002 -84.14973293629669
14.999999999999938 -85.61313403601547
45.00000000000008 -85.61313403601544
75.0 -85.61313403601544
105.00000000000006 -85.61313403601544
134.99999999999977 -85.61313403601544
165.0 -85.61313403601545
194.9999999999992 -85.61313403601545
224.9999999999991 -85.61313403601548
254.9999999999998 -85.61313403601548
285.00000000000034 -85.61313403601545
315.00000000000034 -85.61313403601545
345.00000000000017 -85.61313403601544
22.500000000000348 -87.07581964294994
67.50000000000017 -87.07581964294995
112.49999999999984 -87.07581964294997
157.50000000000026 -87.07581964294998
202.49999999999926 -87.07581964295
247.49999999999963 -87.07581964295001
292.4999999999999 -87.07581964295001
337.50000000000045 -87.07581964295002
45.000000000000945 -88.53802883735192
134.99999999999932 -88.53802883735192
224.99999999999932 -88.53802883735193
315.0000000000002 -88.53802883735193
